 Fermi (or HOMO) energy (hartree) =  -0.02361   Average Vxc (hartree)=  -0.15310
 Eigenvalues (hartree) for nkpt=  18  k points:
 kpt#   1, nband= 82, wtk=  0.05556, kpt=  0.0833  0.0833  0.2500 (reduced coord)
  -0.63309   -0.42326   -0.40920   -0.38596   -0.35468   -0.31548   -0.28715   -0.27367
  -0.26819   -0.25123   -0.24258   -0.23370   -0.22926   -0.22156   -0.22039   -0.21268
  -0.20728   -0.19854   -0.18430   -0.17885   -0.17203   -0.16973   -0.15952   -0.15734
  -0.14414   -0.14154   -0.13963   -0.13517   -0.11607   -0.11197   -0.10693   -0.10236
  -0.09862   -0.09218   -0.09107   -0.08380   -0.07550   -0.07167   -0.06503   -0.05964
  -0.05737   -0.04645   -0.04506   -0.04051   -0.03586   -0.02859   -0.02502   -0.02132
  -0.01756   -0.01552   -0.01157   -0.00456    0.00407    0.00545    0.01006    0.01990
   0.02418    0.02761    0.03305    0.03833    0.04271    0.04484    0.04940    0.05485
   0.06257    0.07218    0.07561    0.08431    0.08889    0.09524    0.10315    0.10595
   0.11075    0.11462    0.12078    0.12780    0.14052    0.14347    0.14526    0.14764
   0.15709    0.16194
 kpt#   2, nband= 82, wtk=  0.05556, kpt=  0.2500  0.0833  0.2500 (reduced coord)
  -0.63297   -0.41102   -0.39701   -0.37385   -0.34270   -0.30372   -0.30206   -0.28849
  -0.27523   -0.26613   -0.26178   -0.25648   -0.23951   -0.23590   -0.22192   -0.20995
  -0.20870   -0.20181   -0.19784   -0.18712   -0.17326   -0.16950   -0.15932   -0.15591
  -0.15481   -0.14676   -0.13638   -0.13246   -0.12710   -0.11669   -0.11393   -0.10837
  -0.10579   -0.09843   -0.09302   -0.09116   -0.08444   -0.07831   -0.07582   -0.06850
  -0.05968   -0.05745   -0.05144   -0.04854   -0.04234   -0.03028   -0.02122   -0.01664
  -0.01455   -0.00911   -0.00642    0.00233    0.01689    0.02625    0.02983    0.03182
   0.03865    0.04694    0.05233    0.05816    0.06175    0.06734    0.07894    0.08443
   0.08992    0.09361    0.10430    0.10818    0.11036    0.11295    0.11557    0.12126
   0.12923    0.13840    0.14698    0.14762    0.15381    0.15535    0.15970    0.16262
   0.16521    0.17626
 kpt#   3, nband= 82, wtk=  0.05556, kpt=  0.4167  0.0833  0.2500 (reduced coord)
  -0.63285   -0.38663   -0.37272   -0.35031   -0.34967   -0.33646   -0.31890   -0.31358
  -0.28348   -0.27960   -0.25147   -0.24493   -0.23811   -0.23305   -0.21612   -0.21603
  -0.20297   -0.19889   -0.19849   -0.18706   -0.18567   -0.18120   -0.17834   -0.16450
  -0.16384   -0.15357   -0.15265   -0.14930   -0.14606   -0.13912   -0.13234   -0.12720
  -0.11969   -0.11391   -0.10642   -0.09475   -0.09147   -0.07904   -0.07512   -0.07034
  -0.05683   -0.05230   -0.04983   -0.03727   -0.03071   -0.02331   -0.00943   -0.00292
   0.00436    0.00854    0.01428    0.01811    0.02507    0.04061    0.04308    0.04590
   0.05914    0.06526    0.07123    0.07511    0.08486    0.09644    0.10231    0.10839
   0.11361    0.11897    0.12175    0.12564    0.13553    0.14067    0.14344    0.14635
   0.15069    0.15540    0.16031    0.16846    0.16918    0.17306    0.17552    0.18067
   0.18846    0.18970
 kpt#   4, nband= 82, wtk=  0.05556, kpt= -0.4167  0.0833  0.2500 (reduced coord)
  -0.63285   -0.38663   -0.37272   -0.35031   -0.34967   -0.33646   -0.31890   -0.31358
  -0.28348   -0.27960   -0.25147   -0.24493   -0.23811   -0.23305   -0.21612   -0.21603
  -0.20297   -0.19889   -0.19849   -0.18706   -0.18567   -0.18120   -0.17834   -0.16450
  -0.16384   -0.15357   -0.15265   -0.14930   -0.14606   -0.13912   -0.13234   -0.12720
  -0.11969   -0.11391   -0.10642   -0.09475   -0.09147   -0.07904   -0.07512   -0.07034
  -0.05683   -0.05230   -0.04983   -0.03727   -0.03071   -0.02331   -0.00943   -0.00292
   0.00436    0.00854    0.01428    0.01811    0.02507    0.04061    0.04308    0.04590
   0.05914    0.06526    0.07123    0.07511    0.08486    0.09644    0.10231    0.10839
   0.11361    0.11897    0.12175    0.12564    0.13553    0.14067    0.14344    0.14635
   0.15069    0.15540    0.16031    0.16846    0.16918    0.17306    0.17552    0.18067
   0.18846    0.18970
 kpt#   5, nband= 82, wtk=  0.05556, kpt= -0.2500  0.0833  0.2500 (reduced coord)
  -0.63297   -0.41102   -0.39701   -0.37385   -0.34270   -0.30372   -0.30206   -0.28849
  -0.27523   -0.26613   -0.26178   -0.25648   -0.23951   -0.23590   -0.22192   -0.20995
  -0.20870   -0.20181   -0.19784   -0.18712   -0.17326   -0.16950   -0.15932   -0.15591
  -0.15481   -0.14676   -0.13638   -0.13246   -0.12710   -0.11669   -0.11393   -0.10837
  -0.10579   -0.09843   -0.09302   -0.09116   -0.08444   -0.07831   -0.07582   -0.06850
  -0.05968   -0.05745   -0.05144   -0.04854   -0.04234   -0.03028   -0.02122   -0.01664
  -0.01455   -0.00911   -0.00642    0.00233    0.01689    0.02625    0.02983    0.03182
   0.03865    0.04694    0.05233    0.05816    0.06175    0.06734    0.07894    0.08443
   0.08992    0.09361    0.10430    0.10818    0.11036    0.11295    0.11557    0.12126
   0.12923    0.13840    0.14698    0.14762    0.15381    0.15535    0.15970    0.16262
   0.16521    0.17627
 kpt#   6, nband= 82, wtk=  0.05556, kpt= -0.0833  0.0833  0.2500 (reduced coord)
  -0.63309   -0.42326   -0.40920   -0.38596   -0.35468   -0.31548   -0.28715   -0.27367
  -0.26819   -0.25123   -0.24258   -0.23370   -0.22926   -0.22156   -0.22039   -0.21268
  -0.20728   -0.19854   -0.18430   -0.17885   -0.17203   -0.16973   -0.15952   -0.15734
  -0.14414   -0.14154   -0.13963   -0.13517   -0.11607   -0.11197   -0.10693   -0.10236
  -0.09862   -0.09218   -0.09107   -0.08380   -0.07550   -0.07167   -0.06503   -0.05964
  -0.05737   -0.04645   -0.04506   -0.04051   -0.03586   -0.02859   -0.02502   -0.02132
  -0.01756   -0.01552   -0.01157   -0.00456    0.00407    0.00545    0.01006    0.01990
   0.02418    0.02761    0.03305    0.03833    0.04271    0.04484    0.04940    0.05485
   0.06257    0.07218    0.07561    0.08431    0.08889    0.09524    0.10315    0.10595
   0.11075    0.11462    0.12078    0.12780    0.14052    0.14347    0.14526    0.14764
   0.15709    0.16201
 kpt#   7, nband= 82, wtk=  0.05556, kpt=  0.0833  0.2500  0.2500 (reduced coord)
  -0.63306   -0.41408   -0.40006   -0.37688   -0.34571   -0.33214   -0.31845   -0.30666
  -0.29569   -0.26562   -0.25914   -0.23371   -0.22733   -0.22042   -0.20412   -0.19858
  -0.18177   -0.17216   -0.17034   -0.16328   -0.15942   -0.15483   -0.15091   -0.14963
  -0.14259   -0.13838   -0.13602   -0.13187   -0.13062   -0.12209   -0.11359   -0.10822
  -0.10143   -0.09769   -0.09001   -0.08625   -0.08393   -0.07977   -0.07383   -0.06931
  -0.06503   -0.05875   -0.05182   -0.04796   -0.04329   -0.03075   -0.01839   -0.01265
  -0.01183   -0.00751   -0.00092    0.00514    0.01348    0.02152    0.02743    0.03204
   0.03914    0.04017    0.04773    0.05553    0.05701    0.05970    0.06339    0.06720
   0.07379    0.07673    0.08150    0.08964    0.09256    0.09573    0.10121    0.10563
   0.10782    0.11088    0.11374    0.11927    0.12726    0.13111    0.13784    0.14558
   0.15202    0.15507
 kpt#   8, nband= 82, wtk=  0.05556, kpt=  0.2500  0.2500  0.2500 (reduced coord)
  -0.63294   -0.40186   -0.38789   -0.36479   -0.33374   -0.32010   -0.30646   -0.29488
  -0.29310   -0.28382   -0.27954   -0.25727   -0.25378   -0.24752   -0.22721   -0.21574
  -0.21309   -0.19995   -0.19316   -0.18949   -0.17844   -0.17073   -0.16080   -0.15106
  -0.14753   -0.14620   -0.13945   -0.12766   -0.12309   -0.11816   -0.10689   -0.09999
  -0.09127   -0.08400   -0.08136   -0.07819   -0.06801   -0.06420   -0.05937   -0.05335
  -0.04876   -0.04706   -0.03978   -0.03444   -0.02398   -0.01687   -0.01357   -0.01135
  -0.00744   -0.00229    0.00310    0.00802    0.01390    0.01795    0.02516    0.03474
   0.03732    0.04910    0.05474    0.06022    0.06365    0.06916    0.07234    0.07487
   0.08439    0.08859    0.09334    0.10215    0.10633    0.11022    0.11327    0.12371
   0.12674    0.13277    0.14135    0.14487    0.14668    0.15268    0.15997    0.16259
   0.16517    0.16726
 kpt#   9, nband= 82, wtk=  0.05556, kpt=  0.4167  0.2500  0.2500 (reduced coord)
  -0.63283   -0.37751   -0.36363   -0.34125   -0.34064   -0.32744   -0.30996   -0.30464
  -0.29612   -0.28257   -0.27456   -0.27089   -0.26039   -0.26006   -0.24694   -0.23623
  -0.23023   -0.22534   -0.22376   -0.19547   -0.19324   -0.18993   -0.17026   -0.15961
  -0.14960   -0.13852   -0.13750   -0.12597   -0.12175   -0.11979   -0.10835   -0.10422
  -0.10250   -0.09773   -0.08898   -0.08159   -0.07461   -0.06644   -0.06153   -0.05622
  -0.04320   -0.04033   -0.03243   -0.02665   -0.02028   -0.01442    0.00309    0.00663
   0.01351    0.01536    0.02364    0.02949    0.04066    0.04844    0.04916    0.05723
   0.06620    0.07031    0.07640    0.08510    0.08845    0.09700    0.10280    0.10338
   0.10665    0.11007    0.11527    0.11745    0.12564    0.12654    0.12910    0.13306
   0.13567    0.13927    0.14063    0.14687    0.15029    0.15414    0.15681    0.15943
   0.16238    0.16593
 kpt#  10, nband= 82, wtk=  0.05556, kpt= -0.4167  0.2500  0.2500 (reduced coord)
  -0.63283   -0.37751   -0.36363   -0.34125   -0.34064   -0.32744   -0.30996   -0.30464
  -0.29612   -0.28257   -0.27456   -0.27089   -0.26039   -0.26006   -0.24694   -0.23623
  -0.23023   -0.22534   -0.22376   -0.19547   -0.19324   -0.18993   -0.17026   -0.15961
  -0.14960   -0.13852   -0.13750   -0.12597   -0.12175   -0.11979   -0.10835   -0.10422
  -0.10250   -0.09773   -0.08898   -0.08159   -0.07461   -0.06644   -0.06153   -0.05622
  -0.04320   -0.04033   -0.03243   -0.02665   -0.02028   -0.01442    0.00309    0.00663
   0.01351    0.01536    0.02364    0.02949    0.04066    0.04844    0.04916    0.05723
   0.06620    0.07031    0.07640    0.08510    0.08845    0.09700    0.10280    0.10338
   0.10665    0.11007    0.11527    0.11745    0.12564    0.12654    0.12910    0.13306
   0.13567    0.13927    0.14063    0.14687    0.15029    0.15414    0.15681    0.15943
   0.16238    0.16593
 kpt#  11, nband= 82, wtk=  0.05556, kpt= -0.2500  0.2500  0.2500 (reduced coord)
  -0.63294   -0.40186   -0.38789   -0.36479   -0.33374   -0.32010   -0.30646   -0.29488
  -0.29310   -0.28382   -0.27954   -0.25727   -0.25378   -0.24752   -0.22721   -0.21574
  -0.21309   -0.19995   -0.19316   -0.18949   -0.17844   -0.17073   -0.16080   -0.15106
  -0.14753   -0.14620   -0.13945   -0.12766   -0.12309   -0.11816   -0.10689   -0.09999
  -0.09127   -0.08400   -0.08136   -0.07819   -0.06801   -0.06420   -0.05937   -0.05335
  -0.04876   -0.04706   -0.03978   -0.03444   -0.02398   -0.01687   -0.01357   -0.01135
  -0.00744   -0.00229    0.00310    0.00802    0.01390    0.01795    0.02516    0.03474
   0.03732    0.04910    0.05474    0.06022    0.06365    0.06916    0.07234    0.07487
   0.08439    0.08859    0.09334    0.10215    0.10633    0.11022    0.11327    0.12371
   0.12674    0.13277    0.14135    0.14487    0.14668    0.15268    0.15997    0.16259
   0.16517    0.16726
 kpt#  12, nband= 82, wtk=  0.05556, kpt= -0.0833  0.2500  0.2500 (reduced coord)
  -0.63306   -0.41408   -0.40006   -0.37688   -0.34571   -0.33214   -0.31845   -0.30666
  -0.29569   -0.26562   -0.25914   -0.23371   -0.22733   -0.22042   -0.20412   -0.19858
  -0.18177   -0.17216   -0.17034   -0.16328   -0.15942   -0.15483   -0.15091   -0.14963
  -0.14259   -0.13838   -0.13602   -0.13187   -0.13062   -0.12209   -0.11359   -0.10822
  -0.10143   -0.09769   -0.09001   -0.08625   -0.08393   -0.07977   -0.07383   -0.06931
  -0.06503   -0.05875   -0.05182   -0.04796   -0.04329   -0.03075   -0.01839   -0.01265
  -0.01183   -0.00751   -0.00092    0.00514    0.01348    0.02152    0.02743    0.03204
   0.03914    0.04017    0.04773    0.05553    0.05701    0.05970    0.06339    0.06720
   0.07379    0.07673    0.08150    0.08964    0.09256    0.09573    0.10121    0.10563
   0.10782    0.11088    0.11374    0.11927    0.12726    0.13111    0.13784    0.14558
   0.15202    0.15507
 kpt#  13, nband= 82, wtk=  0.05556, kpt=  0.0833  0.4167  0.2500 (reduced coord)
  -0.63302   -0.39577   -0.38182   -0.36841   -0.35882   -0.35453   -0.33186   -0.32759
  -0.30100   -0.28874   -0.26235   -0.24187   -0.21612   -0.21578   -0.20283   -0.18964
  -0.18703   -0.18126   -0.17661   -0.16202   -0.15567   -0.15336   -0.14589   -0.13512
  -0.13338   -0.12936   -0.12091   -0.11934   -0.11622   -0.11349   -0.10790   -0.10371
  -0.10002   -0.09531   -0.09256   -0.08759   -0.08653   -0.07751   -0.07426   -0.06813
  -0.06334   -0.05616   -0.04993   -0.04239   -0.03607   -0.03542   -0.02709   -0.02299
  -0.01803   -0.00694   -0.00342    0.00195    0.00755    0.01769    0.02462    0.02675
   0.03316    0.04182    0.04798    0.05264    0.05866    0.06829    0.07093    0.07470
   0.08064    0.08620    0.08798    0.09518    0.10317    0.10867    0.11131    0.11576
   0.12129    0.12925    0.12991    0.13338    0.14056    0.14251    0.15010    0.15247
   0.15486    0.15833
 kpt#  14, nband= 82, wtk=  0.05556, kpt=  0.2500  0.4167  0.2500 (reduced coord)
  -0.63291   -0.38359   -0.36969   -0.35629   -0.34676   -0.34246   -0.31984   -0.31568
  -0.28912   -0.27703   -0.27519   -0.26173   -0.25068   -0.24848   -0.23950   -0.23514
  -0.23028   -0.21310   -0.20987   -0.20430   -0.18399   -0.17591   -0.17286   -0.15136
  -0.14836   -0.13105   -0.12519   -0.11122   -0.10447   -0.09386   -0.08997   -0.08556
  -0.07907   -0.07267   -0.06783   -0.06374   -0.05733   -0.04988   -0.04614   -0.04223
  -0.03711   -0.02826   -0.02582   -0.02316   -0.01748   -0.01458   -0.00656    0.00048
   0.00294    0.00716    0.00948    0.01155    0.01892    0.02076    0.02642    0.03024
   0.03603    0.03851    0.05060    0.05320    0.05863    0.06365    0.06753    0.07525
   0.07921    0.08175    0.08697    0.09410    0.10259    0.10420    0.10633    0.11133
   0.11665    0.12262    0.12483    0.12782    0.13321    0.14053    0.14584    0.14845
   0.15426    0.15771
 kpt#  15, nband= 82, wtk=  0.05556, kpt=  0.4167  0.4167  0.2500 (reduced coord)
  -0.63280   -0.35932   -0.34551   -0.33214   -0.32317   -0.32268   -0.31842   -0.30944
  -0.29617   -0.29586   -0.29201   -0.28679   -0.28252   -0.26549   -0.26021   -0.25673
  -0.25319   -0.23027   -0.22731   -0.21856   -0.20726   -0.19274   -0.18200   -0.17324
  -0.15435   -0.14864   -0.13134   -0.12365   -0.10797   -0.10431   -0.08887   -0.08398
  -0.07317   -0.06736   -0.06011   -0.05230   -0.05073   -0.03521   -0.03114   -0.02502
  -0.02117   -0.01657   -0.00438    0.00064    0.00483    0.01224    0.01354    0.02362
   0.02848    0.02937    0.03248    0.03636    0.03984    0.04392    0.05082    0.05221
   0.05558    0.06464    0.06551    0.06752    0.07061    0.07264    0.07711    0.07894
   0.08358    0.08897    0.09218    0.09615    0.10659    0.10991    0.11193    0.11612
   0.11857    0.12787    0.13091    0.13392    0.13858    0.14242    0.15045    0.15083
   0.15604    0.15816
 kpt#  16, nband= 82, wtk=  0.05556, kpt= -0.4167  0.4167  0.2500 (reduced coord)
  -0.63280   -0.35932   -0.34551   -0.33214   -0.32317   -0.32268   -0.31842   -0.30944
  -0.29617   -0.29586   -0.29201   -0.28679   -0.28252   -0.26549   -0.26021   -0.25673
  -0.25319   -0.23027   -0.22731   -0.21856   -0.20726   -0.19274   -0.18200   -0.17324
  -0.15435   -0.14864   -0.13134   -0.12365   -0.10797   -0.10431   -0.08887   -0.08398
  -0.07317   -0.06736   -0.06011   -0.05230   -0.05073   -0.03521   -0.03114   -0.02502
  -0.02117   -0.01657   -0.00438    0.00064    0.00483    0.01224    0.01354    0.02362
   0.02848    0.02937    0.03248    0.03636    0.03984    0.04392    0.05082    0.05221
   0.05558    0.06464    0.06551    0.06752    0.07061    0.07264    0.07711    0.07894
   0.08358    0.08897    0.09218    0.09615    0.10659    0.10991    0.11193    0.11612
   0.11857    0.12787    0.13091    0.13392    0.13858    0.14242    0.15045    0.15083
   0.15604    0.15812
 kpt#  17, nband= 82, wtk=  0.05556, kpt= -0.2500  0.4167  0.2500 (reduced coord)
  -0.63291   -0.38359   -0.36969   -0.35629   -0.34676   -0.34246   -0.31984   -0.31568
  -0.28912   -0.27703   -0.27519   -0.26173   -0.25068   -0.24848   -0.23950   -0.23514
  -0.23028   -0.21310   -0.20987   -0.20430   -0.18399   -0.17591   -0.17286   -0.15136
  -0.14836   -0.13105   -0.12519   -0.11122   -0.10447   -0.09386   -0.08997   -0.08556
  -0.07907   -0.07267   -0.06783   -0.06374   -0.05733   -0.04988   -0.04614   -0.04223
  -0.03711   -0.02826   -0.02582   -0.02316   -0.01748   -0.01458   -0.00656    0.00048
   0.00294    0.00716    0.00948    0.01155    0.01892    0.02076    0.02642    0.03024
   0.03603    0.03851    0.05060    0.05320    0.05863    0.06365    0.06753    0.07525
   0.07921    0.08175    0.08697    0.09410    0.10259    0.10420    0.10633    0.11133
   0.11665    0.12262    0.12483    0.12782    0.13321    0.14053    0.14584    0.14845
   0.15426    0.15771
 kpt#  18, nband= 82, wtk=  0.05556, kpt= -0.0833  0.4167  0.2500 (reduced coord)
  -0.63302   -0.39577   -0.38182   -0.36841   -0.35882   -0.35453   -0.33186   -0.32759
  -0.30100   -0.28874   -0.26235   -0.24187   -0.21612   -0.21578   -0.20283   -0.18964
  -0.18703   -0.18126   -0.17661   -0.16202   -0.15567   -0.15336   -0.14589   -0.13512
  -0.13338   -0.12936   -0.12091   -0.11934   -0.11622   -0.11349   -0.10790   -0.10371
  -0.10002   -0.09531   -0.09256   -0.08759   -0.08653   -0.07751   -0.07426   -0.06813
  -0.06334   -0.05616   -0.04993   -0.04239   -0.03607   -0.03542   -0.02709   -0.02299
  -0.01803   -0.00694   -0.00342    0.00195    0.00755    0.01769    0.02462    0.02675
   0.03316    0.04182    0.04798    0.05264    0.05866    0.06829    0.07093    0.07470
   0.08064    0.08620    0.08798    0.09518    0.10317    0.10867    0.11131    0.11576
   0.12129    0.12925    0.12991    0.13338    0.14056    0.14251    0.15010    0.15247
   0.15486    0.15833
 Fermi (or HOMO) energy (eV) =  -0.64252   Average Vxc (eV)=  -4.16595
 Eigenvalues (   eV  ) for nkpt=  18  k points:
 kpt#   1, nband= 82, wtk=  0.05556, kpt=  0.0833  0.0833  0.2500 (reduced coord)
 -17.22731  -11.51755  -11.13499  -10.50246   -9.65132   -8.58475   -7.81386   -7.44696
  -7.29794   -6.83628   -6.60100   -6.35924   -6.23850   -6.02896   -5.99699   -5.78731
  -5.64032   -5.40260   -5.01519   -4.86675   -4.68108   -4.61857   -4.34080   -4.28150
  -3.92219   -3.85152   -3.79947   -3.67825   -3.15856   -3.04688   -2.90967   -2.78533
  -2.68357   -2.50847   -2.47808   -2.28024   -2.05448   -1.95029   -1.76943   -1.62296
  -1.56103   -1.26390   -1.22621   -1.10246   -0.97582   -0.77801   -0.68093   -0.58025
  -0.47778   -0.42222   -0.31489   -0.12407    0.11085    0.14835    0.27368    0.54157
   0.65791    0.75131    0.89939    1.04288    1.16232    1.22004    1.34428    1.49249
   1.70260    1.96407    2.05740    2.29425    2.41876    2.59164    2.80686    2.88293
   3.01368    3.11888    3.28668    3.47758    3.82373    3.90404    3.95285    4.01743
   4.27450    4.40662
 kpt#   2, nband= 82, wtk=  0.05556, kpt=  0.2500  0.0833  0.2500 (reduced coord)
 -17.22408  -11.18452  -10.80331  -10.17306   -9.32523   -8.26456   -8.21945   -7.85022
  -7.48934   -7.24167   -7.12345   -6.97906   -6.51730   -6.41921   -6.03880   -5.71301
  -5.67890   -5.49160   -5.38341   -5.09192   -4.71469   -4.61231   -4.33522   -4.24252
  -4.21254   -3.99350   -3.71102   -3.60445   -3.45863   -3.17535   -3.10030   -2.94889
  -2.87868   -2.67840   -2.53116   -2.48054   -2.29773   -2.13083   -2.06327   -1.86402
  -1.62408   -1.56331   -1.39975   -1.32096   -1.15221   -0.82404   -0.57734   -0.45282
  -0.39584   -0.24786   -0.17471    0.06337    0.45950    0.71418    0.81180    0.86577
   1.05185    1.27723    1.42406    1.58260    1.68038    1.83235    2.14817    2.29741
   2.44680    2.54717    2.83809    2.94378    3.00291    3.07363    3.14471    3.29962
   3.51644    3.76614    3.99943    4.01685    4.18535    4.22724    4.34556    4.42506
   4.49547    4.79635
 kpt#   3, nband= 82, wtk=  0.05556, kpt=  0.4167  0.0833  0.2500 (reduced coord)
 -17.22085  -10.52072  -10.14219   -9.53247   -9.51489   -9.15567   -8.67765   -8.53306
  -7.71401   -7.60818   -6.84278   -6.66487   -6.47928   -6.34162   -5.88094   -5.87854
  -5.52305   -5.41202   -5.40114   -5.09003   -5.05240   -4.93066   -4.85295   -4.47626
  -4.45838   -4.17887   -4.15387   -4.06277   -3.97460   -3.78567   -3.60126   -3.46135
  -3.25684   -3.09953   -2.89577   -2.57840   -2.48908   -2.15087   -2.04423   -1.91403
  -1.54634   -1.42311   -1.35603   -1.01409   -0.83575   -0.63443   -0.25656   -0.07933
   0.11871    0.23233    0.38845    0.49276    0.68207    1.10509    1.17220    1.24895
   1.60941    1.77585    1.93822    2.04389    2.30911    2.62425    2.78410    2.94957
   3.09159    3.23724    3.31287    3.41887    3.68792    3.82782    3.90315    3.98231
   4.10045    4.22854    4.36214    4.58414    4.60361    4.70912    4.77613    4.91628
   5.12829    5.16200
 kpt#   4, nband= 82, wtk=  0.05556, kpt= -0.4167  0.0833  0.2500 (reduced coord)
 -17.22085  -10.52072  -10.14219   -9.53247   -9.51489   -9.15567   -8.67765   -8.53306
  -7.71401   -7.60818   -6.84278   -6.66487   -6.47928   -6.34162   -5.88094   -5.87854
  -5.52305   -5.41202   -5.40114   -5.09003   -5.05240   -4.93066   -4.85295   -4.47626
  -4.45838   -4.17887   -4.15387   -4.06277   -3.97460   -3.78567   -3.60126   -3.46135
  -3.25684   -3.09953   -2.89577   -2.57840   -2.48908   -2.15087   -2.04423   -1.91403
  -1.54634   -1.42311   -1.35603   -1.01409   -0.83575   -0.63443   -0.25656   -0.07933
   0.11871    0.23233    0.38845    0.49276    0.68207    1.10509    1.17220    1.24895
   1.60941    1.77585    1.93822    2.04389    2.30911    2.62425    2.78410    2.94957
   3.09159    3.23724    3.31287    3.41887    3.68792    3.82782    3.90315    3.98231
   4.10045    4.22854    4.36214    4.58414    4.60361    4.70912    4.77613    4.91630
   5.12830    5.16192
 kpt#   5, nband= 82, wtk=  0.05556, kpt= -0.2500  0.0833  0.2500 (reduced coord)
 -17.22408  -11.18452  -10.80331  -10.17306   -9.32523   -8.26456   -8.21945   -7.85022
  -7.48934   -7.24167   -7.12345   -6.97906   -6.51730   -6.41921   -6.03880   -5.71301
  -5.67890   -5.49160   -5.38341   -5.09192   -4.71469   -4.61231   -4.33522   -4.24252
  -4.21254   -3.99350   -3.71102   -3.60445   -3.45863   -3.17535   -3.10030   -2.94889
  -2.87868   -2.67840   -2.53116   -2.48054   -2.29773   -2.13083   -2.06327   -1.86402
  -1.62408   -1.56331   -1.39975   -1.32096   -1.15221   -0.82404   -0.57734   -0.45282
  -0.39584   -0.24786   -0.17471    0.06337    0.45950    0.71418    0.81180    0.86577
   1.05185    1.27723    1.42406    1.58260    1.68038    1.83235    2.14817    2.29741
   2.44680    2.54717    2.83809    2.94378    3.00291    3.07363    3.14471    3.29962
   3.51644    3.76614    3.99943    4.01685    4.18535    4.22724    4.34556    4.42505
   4.49546    4.79652
 kpt#   6, nband= 82, wtk=  0.05556, kpt= -0.0833  0.0833  0.2500 (reduced coord)
 -17.22731  -11.51755  -11.13499  -10.50246   -9.65132   -8.58475   -7.81386   -7.44696
  -7.29794   -6.83628   -6.60100   -6.35924   -6.23850   -6.02896   -5.99699   -5.78731
  -5.64032   -5.40260   -5.01519   -4.86675   -4.68108   -4.61857   -4.34080   -4.28150
  -3.92219   -3.85152   -3.79947   -3.67825   -3.15856   -3.04688   -2.90967   -2.78533
  -2.68357   -2.50847   -2.47808   -2.28024   -2.05448   -1.95029   -1.76943   -1.62296
  -1.56103   -1.26390   -1.22621   -1.10246   -0.97582   -0.77801   -0.68093   -0.58025
  -0.47778   -0.42222   -0.31489   -0.12407    0.11085    0.14835    0.27368    0.54157
   0.65791    0.75131    0.89939    1.04288    1.16232    1.22004    1.34428    1.49249
   1.70260    1.96407    2.05740    2.29425    2.41876    2.59164    2.80686    2.88293
   3.01368    3.11888    3.28668    3.47758    3.82373    3.90405    3.95285    4.01743
   4.27450    4.40859
 kpt#   7, nband= 82, wtk=  0.05556, kpt=  0.0833  0.2500  0.2500 (reduced coord)
 -17.22635  -11.26772  -10.88621  -10.25551   -9.40735   -9.03789   -8.66543   -8.34456
  -8.04613   -7.22797   -7.05157   -6.35967   -6.18597   -5.99798   -5.55446   -5.40374
  -4.94611   -4.68479   -4.63518   -4.44316   -4.33814   -4.21308   -4.10645   -4.07158
  -3.88005   -3.76554   -3.70138   -3.58828   -3.55442   -3.32215   -3.09093   -2.94487
  -2.75994   -2.65826   -2.44926   -2.34706   -2.28375   -2.17071   -2.00908   -1.88591
  -1.76951   -1.59878   -1.41008   -1.30501   -1.17790   -0.83674   -0.50051   -0.34426
  -0.32196   -0.20447   -0.02490    0.13980    0.36683    0.58562    0.74645    0.87187
   1.06501    1.09314    1.29868    1.51093    1.55121    1.62455    1.72503    1.82856
   2.00805    2.08800    2.21782    2.43930    2.51881    2.60481    2.75411    2.87447
   2.93394    3.01719    3.09491    3.24557    3.46294    3.56760    3.75092    3.96137
   4.13655    4.21961
 kpt#   8, nband= 82, wtk=  0.05556, kpt=  0.2500  0.2500  0.2500 (reduced coord)
 -17.22320  -10.93525  -10.55505   -9.92656   -9.08156   -8.71047   -8.33916   -8.02400
  -7.97554   -7.72312   -7.60660   -7.00056   -6.90558   -6.73539   -6.18257   -5.87067
  -5.79844   -5.44088   -5.25619   -5.15630   -4.85565   -4.64585   -4.37559   -4.11049
  -4.01452   -3.97829   -3.79460   -3.47369   -3.34944   -3.21541   -2.90863   -2.72077
  -2.48359   -2.28569   -2.21394   -2.12763   -1.85065   -1.74705   -1.61545   -1.45182
  -1.32684   -1.28046   -1.08258   -0.93727   -0.65253   -0.45917   -0.36922   -0.30876
  -0.20244   -0.06220    0.08431    0.21811    0.37830    0.48836    0.68469    0.94538
   1.01566    1.33615    1.48952    1.63876    1.73198    1.88201    1.96854    2.03740
   2.29635    2.41057    2.53988    2.77976    2.89352    2.99927    3.08231    3.36642
   3.44889    3.61296    3.84621    3.94223    3.99137    4.15457    4.35304    4.42419
   4.49459    4.55142
 kpt#   9, nband= 82, wtk=  0.05556, kpt=  0.4167  0.2500  0.2500 (reduced coord)
 -17.22005  -10.27255   -9.89497   -9.28585   -9.26942   -8.91010   -8.43432   -8.28980
  -8.05784   -7.68907   -7.47121   -7.37116   -7.08569   -7.07654   -6.71949   -6.42801
  -6.26488   -6.13179   -6.08875   -5.31904   -5.25838   -5.16816   -4.63299   -4.34334
  -4.07078   -3.76929   -3.74166   -3.42793   -3.31300   -3.25956   -2.94840   -2.83601
  -2.78928   -2.65941   -2.42140   -2.22029   -2.03019   -1.80789   -1.67444   -1.52995
  -1.17556   -1.09733   -0.88234   -0.72526   -0.55178   -0.39226    0.08418    0.18032
   0.36756    0.41786    0.64316    0.80240    1.10648    1.31807    1.33759    1.55737
   1.80136    1.91321    2.07884    2.31576    2.40695    2.63944    2.79734    2.81300
   2.90211    2.99526    3.13656    3.19596    3.41886    3.44333    3.51294    3.62085
   3.69180    3.78963    3.82676    3.99653    4.08970    4.19439    4.26710    4.33838
   4.41847    4.51527
 kpt#  10, nband= 82, wtk=  0.05556, kpt= -0.4167  0.2500  0.2500 (reduced coord)
 -17.22005  -10.27255   -9.89497   -9.28585   -9.26942   -8.91010   -8.43432   -8.28980
  -8.05784   -7.68907   -7.47121   -7.37116   -7.08569   -7.07654   -6.71949   -6.42801
  -6.26488   -6.13179   -6.08875   -5.31904   -5.25838   -5.16816   -4.63299   -4.34334
  -4.07078   -3.76929   -3.74166   -3.42793   -3.31300   -3.25956   -2.94840   -2.83601
  -2.78928   -2.65941   -2.42140   -2.22029   -2.03019   -1.80789   -1.67444   -1.52995
  -1.17556   -1.09733   -0.88234   -0.72526   -0.55178   -0.39226    0.08418    0.18032
   0.36756    0.41786    0.64316    0.80240    1.10648    1.31807    1.33759    1.55737
   1.80136    1.91321    2.07884    2.31576    2.40695    2.63944    2.79734    2.81300
   2.90211    2.99526    3.13656    3.19596    3.41886    3.44333    3.51294    3.62085
   3.69180    3.78963    3.82676    3.99653    4.08970    4.19439    4.26710    4.33838
   4.41847    4.51519
 kpt#  11, nband= 82, wtk=  0.05556, kpt= -0.2500  0.2500  0.2500 (reduced coord)
 -17.22320  -10.93525  -10.55505   -9.92656   -9.08156   -8.71047   -8.33916   -8.02400
  -7.97554   -7.72312   -7.60660   -7.00056   -6.90558   -6.73539   -6.18257   -5.87067
  -5.79844   -5.44088   -5.25619   -5.15630   -4.85565   -4.64585   -4.37559   -4.11049
  -4.01452   -3.97829   -3.79460   -3.47369   -3.34944   -3.21541   -2.90863   -2.72077
  -2.48359   -2.28569   -2.21394   -2.12763   -1.85065   -1.74705   -1.61545   -1.45182
  -1.32684   -1.28046   -1.08258   -0.93727   -0.65253   -0.45917   -0.36922   -0.30876
  -0.20244   -0.06220    0.08431    0.21811    0.37830    0.48836    0.68469    0.94538
   1.01566    1.33615    1.48952    1.63876    1.73198    1.88201    1.96854    2.03740
   2.29635    2.41057    2.53988    2.77976    2.89352    2.99927    3.08231    3.36642
   3.44889    3.61296    3.84621    3.94223    3.99137    4.15457    4.35304    4.42419
   4.49459    4.55142
 kpt#  12, nband= 82, wtk=  0.05556, kpt= -0.0833  0.2500  0.2500 (reduced coord)
 -17.22635  -11.26772  -10.88621  -10.25551   -9.40735   -9.03789   -8.66543   -8.34456
  -8.04613   -7.22797   -7.05157   -6.35967   -6.18597   -5.99798   -5.55446   -5.40374
  -4.94611   -4.68479   -4.63518   -4.44316   -4.33814   -4.21308   -4.10645   -4.07158
  -3.88005   -3.76554   -3.70138   -3.58828   -3.55442   -3.32215   -3.09093   -2.94487
  -2.75994   -2.65826   -2.44926   -2.34706   -2.28375   -2.17071   -2.00908   -1.88591
  -1.76951   -1.59878   -1.41008   -1.30501   -1.17790   -0.83674   -0.50051   -0.34426
  -0.32196   -0.20447   -0.02490    0.13979    0.36683    0.58562    0.74645    0.87187
   1.06501    1.09314    1.29868    1.51093    1.55121    1.62455    1.72503    1.82856
   2.00805    2.08800    2.21782    2.43930    2.51881    2.60481    2.75411    2.87447
   2.93394    3.01719    3.09491    3.24557    3.46294    3.56760    3.75092    3.96137
   4.13655    4.21956
 kpt#  13, nband= 82, wtk=  0.05556, kpt=  0.0833  0.4167  0.2500 (reduced coord)
 -17.22538  -10.76933  -10.38997  -10.02491   -9.76392   -9.64714   -9.03030   -8.91408
  -8.19059   -7.85703   -7.13894   -6.58170   -5.88096   -5.87166   -5.51916   -5.16032
  -5.08934   -4.93230   -4.80587   -4.40879   -4.23601   -4.17325   -3.96990   -3.67673
  -3.62938   -3.52008   -3.29024   -3.24742   -3.16243   -3.08823   -2.93624   -2.82205
  -2.72157   -2.59351   -2.51877   -2.38344   -2.35462   -2.10906   -2.02083   -1.85394
  -1.72353   -1.52829   -1.35859   -1.15358   -0.98142   -0.96388   -0.73721   -0.62561
  -0.49051   -0.18873   -0.09300    0.05299    0.20545    0.48143    0.67004    0.72786
   0.90241    1.13800    1.30550    1.43234    1.59630    1.85827    1.93020    2.03280
   2.19425    2.34573    2.39398    2.58997    2.80727    2.95717    3.02885    3.15008
   3.30057    3.51717    3.53490    3.62936    3.82481    3.87797    4.08442    4.14900
   4.21396    4.30848
 kpt#  14, nband= 82, wtk=  0.05556, kpt=  0.2500  0.4167  0.2500 (reduced coord)
 -17.22233  -10.43797  -10.05984   -9.69521   -9.43574   -9.31882   -8.70325   -8.58998
  -7.86723   -7.53833   -7.48841   -7.12196   -6.82140   -6.76135   -6.51707   -6.39841
  -6.26615   -5.79884   -5.71076   -5.55937   -5.00649   -4.78662   -4.70372   -4.11870
  -4.03719   -3.56603   -3.40659   -3.02635   -2.84276   -2.55402   -2.44826   -2.32812
  -2.15171   -1.97744   -1.84573   -1.73433   -1.56004   -1.35725   -1.25559   -1.14922
  -1.00975   -0.76886   -0.70253   -0.63035   -0.47569   -0.39686   -0.17860    0.01306
   0.08008    0.19491    0.25803    0.31421    0.51496    0.56486    0.71894    0.82286
   0.98053    1.04779    1.37684    1.44771    1.59531    1.73193    1.83756    2.04773
   2.15531    2.22456    2.36649    2.56047    2.79158    2.83541    2.89341    3.02952
   3.17423    3.33660    3.39672    3.47812    3.62476    3.82393    3.96844    4.03941
   4.19762    4.29141
 kpt#  15, nband= 82, wtk=  0.05556, kpt=  0.4167  0.4167  0.2500 (reduced coord)
 -17.21925   -9.77749   -9.40186   -9.03807   -8.79389   -8.78047   -8.66452   -8.42027
  -8.05917   -8.05084   -7.94607   -7.80393   -7.68779   -7.22431   -7.08071   -6.98595
  -6.88954   -6.26597   -6.18535   -5.94741   -5.63971   -5.24471   -4.95247   -4.71408
  -4.20014   -4.04466   -3.57397   -3.36457   -2.93800   -2.83844   -2.41820   -2.28533
  -1.99094   -1.83305   -1.63568   -1.42311   -1.38049   -0.95801   -0.84736   -0.68087
  -0.57617   -0.45101   -0.11930    0.01734    0.13153    0.33314    0.36832    0.64265
   0.77505    0.79926    0.88383    0.98938    1.08414    1.19520    1.38289    1.42060
   1.51246    1.75906    1.78252    1.83718    1.92128    1.97667    2.09836    2.14809
   2.27437    2.42106    2.50831    2.61626    2.90058    2.99082    3.04575    3.15972
   3.22648    3.47938    3.56222    3.64415    3.77095    3.87542    4.09399    4.10431
   4.24617    4.30366
 kpt#  16, nband= 82, wtk=  0.05556, kpt= -0.4167  0.4167  0.2500 (reduced coord)
 -17.21925   -9.77749   -9.40186   -9.03807   -8.79389   -8.78047   -8.66452   -8.42027
  -8.05917   -8.05084   -7.94607   -7.80393   -7.68779   -7.22431   -7.08071   -6.98595
  -6.88954   -6.26597   -6.18535   -5.94741   -5.63971   -5.24471   -4.95247   -4.71408
  -4.20014   -4.04466   -3.57397   -3.36457   -2.93800   -2.83844   -2.41820   -2.28533
  -1.99094   -1.83305   -1.63568   -1.42311   -1.38049   -0.95801   -0.84736   -0.68087
  -0.57617   -0.45101   -0.11930    0.01734    0.13153    0.33314    0.36832    0.64265
   0.77505    0.79926    0.88383    0.98938    1.08414    1.19520    1.38289    1.42060
   1.51246    1.75906    1.78252    1.83718    1.92128    1.97667    2.09836    2.14809
   2.27437    2.42106    2.50831    2.61626    2.90058    2.99082    3.04575    3.15972
   3.22648    3.47938    3.56222    3.64415    3.77095    3.87542    4.09399    4.10431
   4.24616    4.30260
 kpt#  17, nband= 82, wtk=  0.05556, kpt= -0.2500  0.4167  0.2500 (reduced coord)
 -17.22233  -10.43797  -10.05984   -9.69521   -9.43574   -9.31882   -8.70325   -8.58998
  -7.86723   -7.53833   -7.48841   -7.12196   -6.82140   -6.76135   -6.51707   -6.39841
  -6.26615   -5.79884   -5.71076   -5.55937   -5.00649   -4.78662   -4.70372   -4.11870
  -4.03719   -3.56603   -3.40659   -3.02635   -2.84276   -2.55402   -2.44826   -2.32812
  -2.15171   -1.97744   -1.84573   -1.73433   -1.56004   -1.35725   -1.25559   -1.14922
  -1.00974   -0.76886   -0.70252   -0.63035   -0.47569   -0.39686   -0.17860    0.01306
   0.08008    0.19491    0.25803    0.31421    0.51496    0.56486    0.71894    0.82286
   0.98053    1.04779    1.37684    1.44771    1.59531    1.73193    1.83756    2.04773
   2.15531    2.22456    2.36649    2.56047    2.79158    2.83541    2.89341    3.02952
   3.17423    3.33660    3.39672    3.47812    3.62476    3.82393    3.96844    4.03941
   4.19762    4.29141
 kpt#  18, nband= 82, wtk=  0.05556, kpt= -0.0833  0.4167  0.2500 (reduced coord)
 -17.22538  -10.76933  -10.38997  -10.02491   -9.76392   -9.64714   -9.03030   -8.91408
  -8.19059   -7.85703   -7.13894   -6.58170   -5.88096   -5.87166   -5.51916   -5.16032
  -5.08934   -4.93230   -4.80587   -4.40879   -4.23601   -4.17325   -3.96990   -3.67673
  -3.62938   -3.52008   -3.29024   -3.24742   -3.16243   -3.08823   -2.93624   -2.82205
  -2.72156   -2.59351   -2.51877   -2.38344   -2.35462   -2.10906   -2.02083   -1.85394
  -1.72353   -1.52829   -1.35859   -1.15358   -0.98142   -0.96388   -0.73721   -0.62561
  -0.49051   -0.18873   -0.09300    0.05299    0.20545    0.48143    0.67004    0.72786
   0.90241    1.13800    1.30550    1.43234    1.59630    1.85827    1.93020    2.03280
   2.19425    2.34573    2.39398    2.58997    2.80727    2.95717    3.02885    3.15008
   3.30057    3.51717    3.53490    3.62936    3.82481    3.87797    4.08442    4.14900
   4.21396    4.30847
