
 **** DERIVATIVE DATABASE ****    
+DDB, Version number  20230401

  Note : temporary (transfer) database

    usepaw         0
     natom        29
      nkpt        18
    nsppol         1
      nsym         2
    ntypat         2
    occopt         7
     nband        82
     acell  0.93761834869000D+01  0.10826684213000D+02  0.83211636133000D+02
       amu  0.26981539000000D+02  0.15999400000000D+02
   dilatmx  0.11500000000000D+01
      ecut  0.30000000000000D+02
    ecutsm  0.50000000000000D+00
     intxc         0
      iscf        17
       ixc        11
       kpt  0.83333333333333D-01  0.83333333333333D-01  0.25000000000000D+00
            0.25000000000000D+00  0.83333333333333D-01  0.25000000000000D+00
            0.41666666666667D+00  0.83333333333333D-01  0.25000000000000D+00
           -0.41666666666667D+00  0.83333333333333D-01  0.25000000000000D+00
           -0.25000000000000D+00  0.83333333333333D-01  0.25000000000000D+00
           -0.83333333333334D-01  0.83333333333333D-01  0.25000000000000D+00
            0.83333333333333D-01  0.25000000000000D+00  0.25000000000000D+00
            0.25000000000000D+00  0.25000000000000D+00  0.25000000000000D+00
            0.41666666666667D+00  0.25000000000000D+00  0.25000000000000D+00
           -0.41666666666667D+00  0.25000000000000D+00  0.25000000000000D+00
           -0.25000000000000D+00  0.25000000000000D+00  0.25000000000000D+00
           -0.83333333333334D-01  0.25000000000000D+00  0.25000000000000D+00
            0.83333333333333D-01  0.41666666666667D+00  0.25000000000000D+00
            0.25000000000000D+00  0.41666666666667D+00  0.25000000000000D+00
            0.41666666666667D+00  0.41666666666667D+00  0.25000000000000D+00
           -0.41666666666667D+00  0.41666666666667D+00  0.25000000000000D+00
           -0.25000000000000D+00  0.41666666666667D+00  0.25000000000000D+00
           -0.83333333333334D-01  0.41666666666667D+00  0.25000000000000D+00
    kptnrm  0.10000000000000D+01
     ngfft        54   64  480
    nspden         1
   nspinor         1
       occ  0.20000000000000D+01  0.20000000000000D+01  0.20000000000000D+01
            0.20000000000000D+01  0.20000000000000D+01  0.20000000000000D+01
            0.20000000000000D+01  0.20000000000000D+01  0.20000000000000D+01
            0.20000000000000D+01  0.20000000000000D+01  0.20000000000000D+01
            0.20000000000000D+01  0.20000000000000D+01  0.20000000000000D+01
            0.20000000000000D+01  0.20000000000000D+01  0.20000000000000D+01
            0.20000000000000D+01  0.19999999999998D+01  0.19999999999974D+01
            0.19999999999943D+01  0.19999999998514D+01  0.19999999997101D+01
            0.19999999866574D+01  0.19999999728993D+01  0.19999999547473D+01
            0.19999998551870D+01  0.19999869180941D+01  0.19999688997102D+01
            0.19999141860936D+01  0.19997944957566D+01  0.19995935695420D+01
            0.19987730202261D+01  0.19985266295719D+01  0.19954480092797D+01
            0.19855567717437D+01  0.19765213480053D+01  0.19490892853268D+01
            0.19105852291817D+01  0.18884355153985D+01  0.17182765475721D+01
            0.16880661684895D+01  0.15744188420014D+01  0.14363326616303D+01
            0.11855750847132D+01  0.10530514350007D+01  0.91408379606751D+00
            0.77533880891843D+00  0.70272495199720D+00  0.57032152216848D+00
            0.36910163299619D+00  0.19185136953834D+00  0.17065508329198D+00
            0.11246587625599D+00  0.40237625960072D-01  0.24268550131394D-01
            0.15750173125825D-01  0.75584239150698D-02  0.35030399041016D-02
            0.17679816427986D-02  0.12524321966197D-02  0.57766372514964D-03
            0.21673876336025D-03  0.48520611506504D-04  0.63132141860028D-05
            0.29067399673560D-05  0.36260002870141D-06  0.11372183488668D-06
            0.21092328941495D-07  0.22918495877548D-08  0.10124616256254D-08
            0.23899417804652D-09  0.72116967532565D-10  0.99736805058532D-11
            0.94986885626019D-12  0.10136902354044D-13  0.33476397834374D-14
            0.16851198617055D-14  0.66468244131576D-15  0.00000000000000D+00
            0.00000000000000D+00
     rprim  0.10000000000000D+01  0.00000000000000D+00  0.00000000000000D+00
            0.00000000000000D+00  0.10000000000000D+01  0.00000000000000D+00
            0.00000000000000D+00  0.00000000000000D+00  0.10000000000000D+01
  dfpt_sciss  0.00000000000000D+00
    spinat  0.00000000000000D+00  0.00000000000000D+00  0.00000000000000D+00
            0.00000000000000D+00  0.00000000000000D+00  0.00000000000000D+00
            0.00000000000000D+00  0.00000000000000D+00  0.00000000000000D+00
            0.00000000000000D+00  0.00000000000000D+00  0.00000000000000D+00
            0.00000000000000D+00  0.00000000000000D+00  0.00000000000000D+00
            0.00000000000000D+00  0.00000000000000D+00  0.00000000000000D+00
            0.00000000000000D+00  0.00000000000000D+00  0.00000000000000D+00
            0.00000000000000D+00  0.00000000000000D+00  0.00000000000000D+00
            0.00000000000000D+00  0.00000000000000D+00  0.00000000000000D+00
            0.00000000000000D+00  0.00000000000000D+00  0.00000000000000D+00
            0.00000000000000D+00  0.00000000000000D+00  0.00000000000000D+00
            0.00000000000000D+00  0.00000000000000D+00  0.00000000000000D+00
            0.00000000000000D+00  0.00000000000000D+00  0.00000000000000D+00
            0.00000000000000D+00  0.00000000000000D+00  0.00000000000000D+00
            0.00000000000000D+00  0.00000000000000D+00  0.00000000000000D+00
            0.00000000000000D+00  0.00000000000000D+00  0.00000000000000D+00
            0.00000000000000D+00  0.00000000000000D+00  0.00000000000000D+00
            0.00000000000000D+00  0.00000000000000D+00  0.00000000000000D+00
            0.00000000000000D+00  0.00000000000000D+00  0.00000000000000D+00
            0.00000000000000D+00  0.00000000000000D+00  0.00000000000000D+00
            0.00000000000000D+00  0.00000000000000D+00  0.00000000000000D+00
            0.00000000000000D+00  0.00000000000000D+00  0.00000000000000D+00
            0.00000000000000D+00  0.00000000000000D+00  0.00000000000000D+00
            0.00000000000000D+00  0.00000000000000D+00  0.00000000000000D+00
            0.00000000000000D+00  0.00000000000000D+00  0.00000000000000D+00
            0.00000000000000D+00  0.00000000000000D+00  0.00000000000000D+00
            0.00000000000000D+00  0.00000000000000D+00  0.00000000000000D+00
            0.00000000000000D+00  0.00000000000000D+00  0.00000000000000D+00
            0.00000000000000D+00  0.00000000000000D+00  0.00000000000000D+00
    symafm         1    1
    symrel         1    0    0    0    1    0    0    0    1
                   1    0    0    0   -1    0    0    0    1
     tnons  0.00000000000000D+00  0.00000000000000D+00  0.00000000000000D+00
            0.00000000000000D+00 -0.21059376464905D-10  0.00000000000000D+00
    tolwfr  0.10000000000000D+01
   tphysel  0.00000000000000D+00
    tsmear  0.30000000000000D-01
     typat         1    1    1    1    1    1    1    1    1    1    1    1
                   1    1    1    1    1    1    1    1    1    1    1    1
                   1    1    1    1    2
       wtk  0.55555555555556D-01  0.55555555555556D-01  0.55555555555556D-01
            0.55555555555556D-01  0.55555555555556D-01  0.55555555555556D-01
            0.55555555555556D-01  0.55555555555556D-01  0.55555555555556D-01
            0.55555555555556D-01  0.55555555555556D-01  0.55555555555556D-01
            0.55555555555556D-01  0.55555555555556D-01  0.55555555555556D-01
            0.55555555555556D-01  0.55555555555556D-01  0.55555555555556D-01
      xred -0.19086337234124D-07 -0.10529632721301D-10  0.31929199395010D+00
           -0.19086337234124D-07  0.49999999998947D+00  0.31929199395010D+00
            0.49999998091110D+00  0.24999999999474D+00  0.31929199395010D+00
            0.49999998091110D+00  0.74999999998421D+00  0.31929199395010D+00
            0.16666663485056D+00  0.24999999999474D+00  0.26567858506925D+00
            0.16666663485056D+00  0.74999999998421D+00  0.26567858506925D+00
            0.66666663484597D+00  0.49999999998947D+00  0.26567858506925D+00
            0.66666663484597D+00 -0.10529632721301D-10  0.26567858506925D+00
            0.33333328878340D+00 -0.10529632721301D-10  0.21265189281496D+00
            0.33333328878340D+00  0.49999999998947D+00  0.21265189281496D+00
            0.83333328878084D+00  0.24999999999474D+00  0.21265189281496D+00
            0.83333328878084D+00  0.74999999998421D+00  0.21265189281496D+00
           -0.19086337234124D-07 -0.10529632721301D-10  0.15942879636027D+00
           -0.19086337234124D-07  0.49999999998947D+00  0.15942879636027D+00
            0.49999998091110D+00  0.24999999999474D+00  0.15942879636027D+00
            0.49999998091110D+00  0.74999999998421D+00  0.15942879636027D+00
            0.16666663485056D+00  0.24999999999474D+00  0.10623454184624D+00
            0.16666663485056D+00  0.74999999998421D+00  0.10623454184624D+00
            0.66666663484597D+00 -0.10529632721301D-10  0.10623454184624D+00
            0.66666663484597D+00  0.49999999998947D+00  0.10623454184624D+00
            0.33333328878340D+00 -0.10529632721301D-10  0.53117270921983D-01
            0.33333328878340D+00  0.49999999998947D+00  0.53117270921983D-01
            0.83333328878084D+00  0.24999999999474D+00  0.53117270921983D-01
            0.83333328878084D+00  0.74999999998421D+00  0.53117270921983D-01
           -0.19086337234124D-07 -0.10529632721301D-10  0.22709878339366D-04
           -0.19086337234124D-07  0.49999999998947D+00  0.22709878339366D-04
            0.49999998091110D+00  0.24999999999474D+00  0.22709878339366D-04
            0.49999998091110D+00  0.74999999998421D+00  0.22709878339366D-04
           -0.19086337234124D-07  0.49999999998947D+00  0.35752239585122D+00
     znucl  0.13000000000000D+02  0.80000000000000D+01
      zion  0.30000000000000D+01  0.60000000000000D+01
 
 No information on the potentials yet 
 
 **** Database of total energy derivatives ****
 Number of data blocks=    2
  
 1st derivatives              - # elements :      93
   1   1 -0.88562064178475D-02  0.00000000000000D+00
   2   1  0.00000000000000D+00  0.00000000000000D+00
   3   1 -0.39666093624869D-01  0.00000000000000D+00
   1   2  0.48644936662320D-03  0.00000000000000D+00
   2   2  0.00000000000000D+00  0.00000000000000D+00
   3   2  0.46963661962058D+00  0.00000000000000D+00
   1   3  0.36419396152605D-02  0.00000000000000D+00
   2   3  0.17844551369834D-01  0.00000000000000D+00
   3   3 -0.81353789269467D-01  0.00000000000000D+00
   1   4  0.36419396152605D-02  0.00000000000000D+00
   2   4 -0.17844551369834D-01  0.00000000000000D+00
   3   4 -0.81353789269467D-01  0.00000000000000D+00
   1   5  0.40004900322258D-02  0.00000000000000D+00
   2   5 -0.26201640917226D-02  0.00000000000000D+00
   3   5 -0.12642856160596D+00  0.00000000000000D+00
   1   6  0.40004900322258D-02  0.00000000000000D+00
   2   6  0.26201640917226D-02  0.00000000000000D+00
   3   6 -0.12642856160596D+00  0.00000000000000D+00
   1   7 -0.53381581558023D-02  0.00000000000000D+00
   2   7  0.00000000000000D+00  0.00000000000000D+00
   3   7 -0.28224904062296D-01  0.00000000000000D+00
   1   8 -0.35181054317026D-03  0.00000000000000D+00
   2   8  0.00000000000000D+00  0.00000000000000D+00
   3   8  0.14164867565834D+00  0.00000000000000D+00
   1   9 -0.43380815886604D-03  0.00000000000000D+00
   2   9  0.00000000000000D+00  0.00000000000000D+00
   3   9 -0.86021586057986D-02  0.00000000000000D+00
   1  10 -0.21191018550012D-02  0.00000000000000D+00
   2  10  0.00000000000000D+00  0.00000000000000D+00
   3  10  0.35075387560802D-01  0.00000000000000D+00
   1  11  0.10435720503885D-02  0.00000000000000D+00
   2  11 -0.26417660590031D-02  0.00000000000000D+00
   3  11 -0.25900829260163D-01  0.00000000000000D+00
   1  12  0.10435720503885D-02  0.00000000000000D+00
   2  12  0.26417660590031D-02  0.00000000000000D+00
   3  12 -0.25900829260163D-01  0.00000000000000D+00
   1  13  0.61522494036873D-03  0.00000000000000D+00
   2  13  0.00000000000000D+00  0.00000000000000D+00
   3  13  0.60830108295321D-03  0.00000000000000D+00
   1  14 -0.46383430663321D-03  0.00000000000000D+00
   2  14  0.00000000000000D+00  0.00000000000000D+00
   3  14 -0.10748240579674D-01  0.00000000000000D+00
   1  15 -0.48539275909538D-04  0.00000000000000D+00
   2  15 -0.12535614339693D-03  0.00000000000000D+00
   3  15 -0.21031565894560D-01  0.00000000000000D+00
   1  16 -0.48539275909538D-04  0.00000000000000D+00
   2  16  0.12535614339693D-03  0.00000000000000D+00
   3  16 -0.21031565894560D-01  0.00000000000000D+00
   1  17 -0.23295404214195D-03  0.00000000000000D+00
   2  17 -0.30481114182501D-03  0.00000000000000D+00
   3  17  0.41597314509529D-01  0.00000000000000D+00
   1  18 -0.23295404214195D-03  0.00000000000000D+00
   2  18  0.30481114182501D-03  0.00000000000000D+00
   3  18  0.41597314509529D-01  0.00000000000000D+00
   1  19  0.32695562966689D-03  0.00000000000000D+00
   2  19  0.00000000000000D+00  0.00000000000000D+00
   3  19  0.39889792928084D-01  0.00000000000000D+00
   1  20  0.78468423913457D-04  0.00000000000000D+00
   2  20  0.00000000000000D+00  0.00000000000000D+00
   3  20  0.41098885902930D-01  0.00000000000000D+00
   1  21 -0.21690492032137D-03  0.00000000000000D+00
   2  21  0.00000000000000D+00  0.00000000000000D+00
   3  21 -0.10922451496763D+00  0.00000000000000D+00
   1  22 -0.19591419554619D-03  0.00000000000000D+00
   2  22  0.00000000000000D+00  0.00000000000000D+00
   3  22 -0.11074647745178D+00  0.00000000000000D+00
   1  23  0.14351369038217D-03  0.00000000000000D+00
   2  23  0.16166093079016D-03  0.00000000000000D+00
   3  23 -0.11208556554052D+00  0.00000000000000D+00
   1  24  0.14351369038217D-03  0.00000000000000D+00
   2  24 -0.16166093079016D-03  0.00000000000000D+00
   3  24 -0.11208556554052D+00  0.00000000000000D+00
   1  25 -0.15407326480079D-04  0.00000000000000D+00
   2  25  0.00000000000000D+00  0.00000000000000D+00
   3  25  0.57660318450206D-01  0.00000000000000D+00
   1  26 -0.20515149942924D-04  0.00000000000000D+00
   2  26  0.00000000000000D+00  0.00000000000000D+00
   3  26  0.57896398992260D-01  0.00000000000000D+00
   1  27  0.61715320556753D-04  0.00000000000000D+00
   2  27 -0.43062774864478D-04  0.00000000000000D+00
   3  27  0.58377011456091D-01  0.00000000000000D+00
   1  28  0.61715320556753D-04  0.00000000000000D+00
   2  28  0.43062774864478D-04  0.00000000000000D+00
   3  28  0.58377011456091D-01  0.00000000000000D+00
   1  29 -0.71489848178769D-03  0.00000000000000D+00
   2  29  0.00000000000000D+00  0.00000000000000D+00
   3  29 -0.57249411230169D-02  0.00000000000000D+00
   1  32  0.21947760448102D-04  0.00000000000000D+00
   2  32  0.23393783236490D-04  0.00000000000000D+00
   3  32  0.33678122823759D-05  0.00000000000000D+00
   1  33  0.00000000000000D+00  0.00000000000000D+00
   2  33 -0.96452163779933D-07  0.00000000000000D+00
   3  33  0.00000000000000D+00  0.00000000000000D+00
  
 Total energy                 - # elements :       1
 -0.81359637740049D+02  0.00000000000000D+00
